    1         1072.876935      1.919115
    2         1036.314875      19.716119
    3         1014.213001      38.874898
    4         1004.731073      55.775106
    5         1006.702033      75.773843
    6         1014.393325      97.099619
    7         1027.682718      115.307919
    8         1052.351660      133.948039
    9         1081.430028      157.916841
   10         1127.596054      183.200051
   11         1169.377100      204.043482
   12         1201.065059      219.564548
   13         1241.351850      237.742850
   14         1268.654829      248.824138