    1         1096.107843      3.258328
    2         1094.761027      14.394582
    3         1094.843830      26.421308
    4         1100.617505      38.001015
    5         1119.270013      59.376709
    6         1137.897987      77.188929
    7         1177.961035      107.021931
    8         1206.565670      126.613114
    9         1249.448087      152.436415
   10         1312.293026      183.153944
   11         1350.858988      202.296919
   12         1396.542373      221.437913
   13         1450.785068      243.249134
   14         1467.909821      249.480459