    1         0      0
    2         42.798289      6.508232
    3         94.077686      13.673667
    4         169.626220      24.701173
    5         258.025287      38.381150
    6         350.756958      54.723060
    7         440.722959      73.734792
    8         517.838428      90.094055
    9         605.038759      111.775609
   10         679.413105      131.693582
   11         748.133378      152.506753
   12         802.620283      172.002366
   13         877.252368      201.253672
   14         927.615316      225.642906
   15         968.003860      248.709849