 1         25.531915      0.000000
    2         79.432624      5.803571
    3         157.446809      15.178571
    4         231.205674      22.767857
    5         303.546099      30.357143
    6         392.907801      41.517857
    7         479.432624      53.571429
    8         578.723404      66.517857
    9         670.921986      80.250000
   10         782.978723      97.767857
   11         914.893617      122.107143
   12         995.744681      140.071429
   13         1099.290780      163.839286
   14         1197.163121      191.964286
   15         1270.921986      217.410714
   16         1341.843972      250.446429