    1         7.085700      -0.007873
    2         127.762739      7.858529
    3         257.028227      18.826693
    4         362.165645      28.488251
    5         464.481013      38.597417
    6         588.090171      50.016337
    7         721.692688      64.090986
    8         900.827133      84.782121
    9         1040.220508      103.295055
   10         1191.036613      124.906601
   11         1312.141697      146.329049
   12         1444.632820      173.516733
   13         1565.884662      202.272683
   14         1694.552410      243.021136